0
197
1 0
3 6291
4 6350
5 6468
7 6587
9 6647
11 6706
13 6825
15 6885
17 7004
18 7064
19 7183
20 7243
21 7362
22 7482
23 7542
25 7662
26 7722
27 7841
28 7901
30 8020
31 8139
32 8199
34 8318
35 8378
36 8498
37 8558
39 8677
40 8797
41 8857
42 8976
43 9036
44 9155
45 9215
47 9334
48 9453
49 9513
50 9632
51 9692
53 9812
54 9872
56 9992
57 10112
58 10172
59 10291
60 10351
62 10471
63 10591
64 10651
65 10770
66 10830
67 10949
69 11009
71 11128
73 11248
74 11308
76 11392
78 12167
80 13946
82 16687
84 18292
86 20636
87 21601
89 21779
90 22017
91 22196
92 22375
94 28888
95 34214
96 34757
97 34770
98 34771
99 42947
100 44978
101 45157
102 45336
103 45575
104 45753
106 45992
107 46171
108 46349
109 46587
111 46766
112 46945
113 47183
114 47362
115 47600
116 47778
117 48016
118 48195
119 48552
120 50941
121 51180
122 51359
124 51537
125 54166
126 55958
128 63067
129 63186
131 63305
133 63365
134 63484
135 63544
136 63663
137 63723
138 63843
139 63962
140 64022
141 64142
142 64202
143 64322
144 64382
145 64501
147 64621
148 64681
149 64801
150 64861
152 64980
154 65040
156 65159
158 65279
159 65339
160 65458
161 65518
163 65637
164 65697
166 65816
167 65936
168 65996
170 66115
171 66175
173 66294
174 66354
175 66473
177 66592
178 66652
179 66772
180 66832
181 66951
182 67011
184 67130
185 67250
186 67310
187 67429
188 67489
189 67609
190 67669
191 67789
193 67908
195 67968
196 68087
197 68147
199 68267
200 68327
201 68446
202 68506
203 68625
204 68745
206 68805
208 70477
210 70656
211 70894
212 71073
213 71311
214 71490
215 71668
217 71846
218 72084
219 72263
220 72442
221 72680
223 72918
224 73097
225 73454
227 73692
228 73871
229 74109
230 74228
231 74766
232 75004
234 75242
236 81992
237 82111
238 82290
239 82526
241 82704
242 82822
244 87632
245 104104
246 104342
247 104522
248 104761
250 104941
251 105177
252 105357
253 105596
254 105777
